`morse` <-
structure(list(A = c(92L, 5L, 4L, 8L, 6L, 4L, 9L, 3L, 64L, 7L, 
5L, 2L, 24L, 31L, 7L, 5L, 8L, 13L, 17L, 13L, 14L, 5L, 9L, 7L, 
9L, 3L, 2L, 7L, 3L, 6L, 8L, 7L, 6L, 3L, 3L, 9L), B = c(4L, 84L, 
38L, 62L, 13L, 51L, 18L, 45L, 7L, 9L, 24L, 69L, 12L, 4L, 7L, 
22L, 20L, 14L, 24L, 10L, 29L, 17L, 21L, 64L, 23L, 46L, 5L, 14L, 
8L, 19L, 45L, 80L, 33L, 23L, 14L, 3L), C = c(6L, 37L, 87L, 17L, 
14L, 33L, 27L, 23L, 7L, 38L, 38L, 43L, 5L, 13L, 20L, 33L, 38L, 
16L, 5L, 1L, 12L, 24L, 30L, 45L, 62L, 45L, 10L, 22L, 21L, 19L, 
15L, 30L, 22L, 40L, 23L, 11L), D = c(13L, 31L, 17L, 88L, 6L, 
19L, 38L, 25L, 13L, 9L, 73L, 45L, 14L, 30L, 6L, 12L, 11L, 23L, 
30L, 5L, 32L, 16L, 22L, 19L, 15L, 18L, 3L, 5L, 5L, 12L, 14L, 
17L, 14L, 6L, 3L, 2L), E = c(3L, 5L, 4L, 7L, 97L, 2L, 1L, 9L, 
10L, 2L, 1L, 10L, 7L, 8L, 5L, 5L, 4L, 5L, 11L, 46L, 4L, 9L, 9L, 
3L, 4L, 2L, 3L, 4L, 4L, 8L, 2L, 4L, 5L, 3L, 1L, 5L), F = c(14L, 
28L, 29L, 23L, 2L, 90L, 14L, 32L, 8L, 24L, 17L, 24L, 17L, 12L, 
9L, 36L, 15L, 34L, 26L, 3L, 32L, 29L, 36L, 28L, 26L, 22L, 5L, 
20L, 32L, 25L, 45L, 23L, 25L, 15L, 6L, 7L), G = c(10L, 17L, 13L, 
40L, 4L, 10L, 90L, 8L, 6L, 18L, 25L, 12L, 29L, 10L, 76L, 22L, 
10L, 26L, 5L, 6L, 11L, 6L, 25L, 11L, 22L, 17L, 13L, 13L, 6L, 
14L, 4L, 4L, 6L, 15L, 14L, 14L), H = c(13L, 21L, 7L, 36L, 4L, 
29L, 6L, 87L, 12L, 5L, 11L, 26L, 8L, 16L, 7L, 12L, 5L, 15L, 59L, 
6L, 34L, 39L, 15L, 6L, 9L, 10L, 4L, 3L, 12L, 16L, 67L, 14L, 4L, 
6L, 5L, 4L), I = c(46L, 5L, 11L, 9L, 17L, 5L, 5L, 10L, 93L, 4L, 
5L, 9L, 8L, 13L, 2L, 3L, 2L, 7L, 16L, 14L, 21L, 5L, 4L, 1L, 1L, 
7L, 2L, 25L, 2L, 7L, 7L, 2L, 6L, 2L, 2L, 5L), J = c(5L, 19L, 
19L, 13L, 1L, 33L, 22L, 10L, 3L, 85L, 27L, 30L, 11L, 3L, 39L, 
78L, 27L, 12L, 3L, 6L, 7L, 11L, 25L, 35L, 30L, 23L, 29L, 26L, 
23L, 21L, 14L, 11L, 24L, 33L, 30L, 30L), K = c(22L, 34L, 24L, 
81L, 5L, 16L, 33L, 9L, 5L, 22L, 91L, 27L, 23L, 16L, 26L, 14L, 
23L, 21L, 13L, 14L, 44L, 26L, 29L, 50L, 12L, 21L, 5L, 9L, 6L, 
13L, 4L, 11L, 13L, 10L, 6L, 8L), L = c(3L, 40L, 35L, 56L, 6L, 
50L, 16L, 29L, 16L, 31L, 33L, 86L, 8L, 8L, 10L, 46L, 26L, 33L, 
10L, 7L, 32L, 43L, 18L, 42L, 14L, 51L, 14L, 14L, 13L, 19L, 41L, 
27L, 32L, 14L, 7L, 3L), M = c(25L, 6L, 14L, 8L, 4L, 7L, 14L, 
5L, 13L, 8L, 10L, 6L, 96L, 59L, 4L, 5L, 7L, 14L, 5L, 6L, 11L, 
4L, 15L, 10L, 5L, 11L, 9L, 2L, 5L, 3L, 2L, 6L, 7L, 3L, 16L, 2L
), N = c(34L, 10L, 3L, 7L, 4L, 6L, 13L, 8L, 30L, 3L, 12L, 2L, 
62L, 93L, 8L, 6L, 6L, 12L, 17L, 5L, 13L, 1L, 6L, 8L, 6L, 2L, 
7L, 3L, 2L, 3L, 0L, 2L, 6L, 6L, 11L, 3L), O = c(6L, 12L, 9L, 
9L, 5L, 10L, 62L, 8L, 7L, 21L, 31L, 9L, 11L, 5L, 86L, 21L, 22L, 
12L, 6L, 6L, 6L, 9L, 26L, 24L, 14L, 15L, 14L, 17L, 5L, 2L, 4L, 
7L, 7L, 14L, 10L, 25L), P = c(6L, 22L, 51L, 27L, 1L, 42L, 52L, 
14L, 3L, 63L, 14L, 37L, 10L, 9L, 37L, 83L, 51L, 29L, 6L, 11L, 
20L, 17L, 20L, 32L, 30L, 59L, 30L, 37L, 37L, 17L, 13L, 16L, 36L, 
12L, 31L, 21L), Q = c(9L, 25L, 34L, 9L, 5L, 12L, 23L, 8L, 5L, 
47L, 31L, 36L, 15L, 5L, 35L, 43L, 91L, 8L, 3L, 4L, 12L, 10L, 
25L, 61L, 52L, 72L, 28L, 28L, 19L, 29L, 7L, 30L, 39L, 45L, 32L, 
29L), R = c(35L, 16L, 24L, 45L, 10L, 35L, 21L, 17L, 19L, 11L, 
22L, 28L, 20L, 28L, 10L, 23L, 11L, 87L, 18L, 4L, 40L, 17L, 61L, 
10L, 5L, 14L, 9L, 6L, 9L, 11L, 9L, 11L, 12L, 2L, 5L, 2L), S = c(23L, 
18L, 14L, 29L, 7L, 14L, 5L, 37L, 35L, 2L, 2L, 12L, 7L, 12L, 3L, 
9L, 2L, 16L, 96L, 7L, 51L, 11L, 12L, 12L, 7L, 4L, 4L, 5L, 7L, 
9L, 27L, 14L, 6L, 6L, 6L, 3L), T = c(6L, 2L, 6L, 6L, 67L, 2L, 
3L, 4L, 16L, 7L, 2L, 5L, 9L, 10L, 4L, 4L, 3L, 2L, 9L, 96L, 6L, 
6L, 4L, 3L, 4L, 3L, 2L, 3L, 6L, 3L, 2L, 3L, 2L, 4L, 7L, 4L), 
    U = c(37L, 18L, 6L, 17L, 3L, 21L, 15L, 36L, 10L, 9L, 23L, 
    16L, 13L, 16L, 11L, 12L, 6L, 23L, 56L, 8L, 93L, 32L, 19L, 
    12L, 6L, 9L, 3L, 6L, 4L, 17L, 14L, 12L, 3L, 6L, 6L, 5L), 
    V = c(13L, 34L, 11L, 20L, 3L, 27L, 14L, 59L, 5L, 9L, 17L, 
    19L, 4L, 4L, 14L, 19L, 14L, 23L, 24L, 5L, 57L, 92L, 20L, 
    17L, 13L, 11L, 12L, 10L, 16L, 55L, 45L, 30L, 13L, 7L, 3L, 
    3L), W = c(17L, 8L, 14L, 27L, 2L, 25L, 32L, 9L, 8L, 9L, 33L, 
    20L, 21L, 12L, 25L, 19L, 12L, 62L, 12L, 4L, 34L, 17L, 86L, 
    21L, 21L, 12L, 14L, 11L, 6L, 8L, 7L, 9L, 9L, 5L, 8L, 2L), 
    X = c(12L, 83L, 32L, 40L, 5L, 19L, 21L, 33L, 2L, 22L, 63L, 
    31L, 9L, 4L, 35L, 19L, 37L, 14L, 10L, 2L, 17L, 57L, 22L, 
    91L, 44L, 36L, 17L, 17L, 22L, 37L, 45L, 58L, 30L, 24L, 11L, 
    12L), Y = c(7L, 30L, 82L, 15L, 6L, 27L, 23L, 14L, 5L, 32L, 
    16L, 25L, 18L, 16L, 27L, 41L, 50L, 12L, 6L, 2L, 9L, 35L, 
    25L, 48L, 86L, 42L, 19L, 30L, 25L, 24L, 10L, 38L, 30L, 35L, 
    21L, 15L), Z = c(3L, 42L, 38L, 33L, 5L, 13L, 39L, 11L, 7L, 
    28L, 18L, 59L, 8L, 11L, 27L, 30L, 63L, 13L, 7L, 6L, 11L, 
    10L, 22L, 26L, 23L, 87L, 22L, 13L, 12L, 3L, 10L, 39L, 50L, 
    50L, 24L, 20L), "1" = c(2L, 12L, 13L, 3L, 4L, 8L, 15L, 3L, 
    2L, 67L, 5L, 12L, 5L, 5L, 19L, 34L, 34L, 7L, 8L, 5L, 6L, 
    10L, 10L, 12L, 26L, 16L, 84L, 62L, 18L, 5L, 14L, 15L, 22L, 
    42L, 57L, 50L), "2" = c(7L, 17L, 15L, 9L, 3L, 16L, 14L, 9L, 
    5L, 66L, 9L, 13L, 7L, 2L, 17L, 44L, 32L, 10L, 2L, 5L, 6L, 
    14L, 22L, 20L, 44L, 21L, 63L, 89L, 64L, 26L, 10L, 14L, 29L, 
    29L, 39L, 26L), "3" = c(5L, 14L, 31L, 6L, 5L, 47L, 5L, 15L, 
    8L, 33L, 17L, 17L, 6L, 3L, 7L, 24L, 17L, 13L, 2L, 3L, 16L, 
    28L, 19L, 24L, 40L, 27L, 13L, 54L, 86L, 44L, 30L, 26L, 18L, 
    16L, 9L, 9L), "4" = c(5L, 40L, 14L, 11L, 3L, 25L, 10L, 43L, 
    9L, 15L, 8L, 15L, 6L, 4L, 7L, 11L, 12L, 4L, 15L, 3L, 34L, 
    79L, 16L, 27L, 15L, 9L, 8L, 20L, 31L, 89L, 69L, 24L, 15L, 
    16L, 12L, 11L), "5" = c(8L, 32L, 10L, 9L, 5L, 26L, 4L, 70L, 
    6L, 7L, 8L, 26L, 5L, 4L, 6L, 15L, 9L, 7L, 28L, 3L, 10L, 44L, 
    5L, 16L, 11L, 10L, 10L, 5L, 23L, 42L, 90L, 17L, 12L, 9L, 
    4L, 5L), "6" = c(6L, 74L, 30L, 19L, 2L, 24L, 10L, 35L, 8L, 
    11L, 18L, 29L, 7L, 6L, 18L, 17L, 27L, 12L, 9L, 8L, 9L, 36L, 
    9L, 57L, 26L, 25L, 8L, 14L, 41L, 44L, 42L, 88L, 61L, 30L, 
    11L, 22L), "7" = c(5L, 43L, 28L, 8L, 4L, 21L, 17L, 17L, 5L, 
    28L, 14L, 36L, 11L, 2L, 14L, 24L, 40L, 7L, 5L, 7L, 9L, 25L, 
    11L, 29L, 22L, 66L, 19L, 20L, 16L, 32L, 24L, 69L, 85L, 60L, 
    42L, 17L), "8" = c(6L, 17L, 24L, 10L, 2L, 5L, 23L, 4L, 2L, 
    29L, 13L, 16L, 7L, 2L, 11L, 23L, 58L, 9L, 5L, 6L, 7L, 10L, 
    6L, 16L, 33L, 47L, 32L, 21L, 17L, 10L, 10L, 14L, 70L, 89L, 
    56L, 52L), "9" = c(2L, 4L, 18L, 5L, 3L, 5L, 20L, 3L, 4L, 
    26L, 5L, 7L, 10L, 10L, 20L, 25L, 37L, 1L, 5L, 14L, 4L, 1L, 
    3L, 17L, 23L, 15L, 57L, 16L, 8L, 3L, 6L, 5L, 20L, 61L, 91L, 
    81L), "0" = c(3L, 4L, 12L, 6L, 3L, 5L, 11L, 3L, 5L, 23L, 
    6L, 3L, 4L, 2L, 12L, 13L, 24L, 2L, 2L, 6L, 3L, 5L, 7L, 6L, 
    16L, 15L, 55L, 11L, 10L, 3L, 5L, 14L, 13L, 26L, 78L, 94L)), .Names = c("A", 
"B", "C", "D", "E", "F", "G", "H", "I", "J", "K", "L", "M", "N", 
"O", "P", "Q", "R", "S", "T", "U", "V", "W", "X", "Y", "Z", "1", 
"2", "3", "4", "5", "6", "7", "8", "9", "0"), row.names = c("A", 
"B", "C", "D", "E", "F", "G", "H", "I", "J", "K", "L", "M", "N", 
"O", "P", "Q", "R", "S", "T", "U", "V", "W", "X", "Y", "Z", "1", 
"2", "3", "4", "5", "6", "7", "8", "9", "0"), class = "data.frame")
