`regMin` <-
structure(list(V1 = c(0.21, 0.34, 0.14, 0.19, 0.37, 0.63, 0.87, 
0.91, 0.56, 0.93), V2 = c(0.36, 0.2, 0.26, 0.36, 0.34, 0.73, 
0.98, 0.86, 0.87, 0.9), V3 = c(0.62, 0.43, 0.19, 0.21, 0.18, 
0.22, 0.81, 0.54, 0.42, 0.82), V4 = c(0.49, 0.68, 0.39, 0.15, 
0.45, 0.55, 0.9, 0.86, 0.69, 0.88), V5 = c(0.93, 0.74, 0.65, 
0.68, 0.35, 0.21, 0.55, 0.28, 0.31, 0.76), V6 = c(0.93, 0.94, 
0.91, 0.94, 0.97, 0.79, 0.29, 0.56, 0.92, 0.75), V7 = c(0.92, 
0.9, 0.88, 0.86, 0.54, 0.51, 0.32, 0.27, 0.68, 0.44), V8 = c(0.98, 
0.8, 0.69, 0.69, 0.48, 0.56, 0.81, 0.52, 0.14, 0.49), V9 = c(0.97, 
0.92, 0.87, 0.86, 0.91, 0.94, 0.76, 0.67, 0.68, 0.27), V10 = c(0.18, 
0.51, 0.39, 0.46, 0.77, 0.9, 0.98, 0.94, 1, 0.98)), .Names = c("V1", 
"V2", "V3", "V4", "V5", "V6", "V7", "V8", "V9", "V10"), class = "data.frame", row.names = c("V1", 
"V2", "V3", "V4", "V5", "V6", "V7", "V8", "V9", "V10"))
