`wish` <-
structure(list(A = c(0.03, 0.37, 0.73, 0.53, 0.97, 0.93, 0.99, 
0.98, 0.56, 0.97, 0.95, 0.94, 0.98, 0.99, 0.99, 1, 0.58, 0.96, 
0.95, 0.99, 0.99, 0.98, 0.99, 1, 0.98, 1, 0.98, 0.99, 1, 0.99, 
0.99, 1), B = c(0.06, 0.02, 0.27, 0.25, 0.6, 0.56, 0.92, 0.9, 
0.46, 0.61, 0.84, 0.86, 0.86, 0.97, 0.95, 0.99, 0.62, 0.91, 0.95, 
0.96, 0.98, 0.96, 0.93, 1, 0.95, 0.99, 0.99, 0.97, 0.98, 0.99, 
0.99, 0.98), C = c(0.19, 0.94, 0.06, 0.31, 0.36, 0.67, 0.51, 
0.81, 0.38, 0.56, 0.52, 0.8, 0.76, 0.95, 0.9, 0.96, 0.5, 0.7, 
0.57, 0.94, 0.85, 0.94, 0.97, 0.97, 0.96, 0.96, 0.9, 0.93, 0.97, 
1, 0.99, 1), D = c(0.34, 0.26, 0.5, 0.04, 0.58, 0.31, 0.5, 0.96, 
0.44, 0.85, 0.85, 0.54, 0.91, 0.93, 0.94, 0.97, 0.52, 0.82, 0.92, 
0.74, 0.98, 0.89, 0.95, 1, 0.98, 0.94, 0.98, 0.94, 0.98, 0.98, 
0.99, 0.99), E = c(0.84, 0.09, 0.28, 0.67, 0.06, 0.31, 0.22, 
0.69, 0.68, 0.34, 0.41, 0.74, 0.38, 0.78, 0.7, 0.79, 0.77, 0.58, 
0.78, 0.91, 0.68, 0.86, 0.93, 0.92, 0.94, 0.88, 0.84, 0.87, 0.94, 
0.98, 0.94, 1), F = c(0.69, 0.27, 0.38, 0.06, 0.24, 0.05, 0.25, 
0.49, 0.59, 0.39, 0.81, 0.49, 0.61, 0.46, 0.72, 0.92, 0.78, 0.48, 
0.76, 0.53, 0.88, 0.39, 0.71, 0.82, 0.95, 0.83, 0.93, 0.95, 0.94, 
0.93, 0.94, 0.99), G = c(0.96, 0.77, 0.49, 0.33, 0.32, 0.3, 0.07, 
0.24, 0.81, 0.71, 0.55, 0.31, 0.73, 0.63, 0.29, 0.65, 0.81, 0.65, 
0.62, 0.69, 0.63, 0.82, 0.57, 0.81, 0.94, 0.78, 0.8, 0.72, 0.78, 
0.95, 0.74, 0.93), H = c(0.97, 0.84, 0.78, 0.91, 0.3, 0.33, 0.18, 
0.03, 0.96, 0.81, 0.72, 0.57, 0.41, 0.44, 0.27, 0.2, 0.94, 0.71, 
0.8, 0.95, 0.5, 0.73, 0.86, 0.36, 0.88, 0.74, 0.83, 0.67, 0.67, 
0.68, 0.82, 0.91), I = c(0.21, 0.43, 0.58, 0.57, 0.8, 0.81, 0.92, 
1, 0.06, 0.37, 0.69, 0.53, 0.93, 0.86, 0.92, 1, 0.31, 0.7, 0.9, 
0.81, 0.96, 0.98, 0.99, 0.98, 0.72, 0.96, 0.97, 0.99, 0.99, 0.99, 
0.98, 0.98), J = c(0.82, 0.39, 0.48, 0.87, 0.49, 0.63, 0.86, 
0.96, 0.16, 0.06, 0.62, 0.61, 0.46, 0.81, 0.93, 0.96, 0.47, 0.71, 
0.83, 0.64, 0.84, 0.74, 0.95, 0.97, 0.83, 0.86, 0.94, 0.95, 0.97, 
0.95, 0.97, 0.99), K = c(0.72, 0.51, 0.36, 0.6, 0.27, 0.6, 0.52, 
0.88, 0.38, 0.61, 0.05, 0.57, 0.31, 0.77, 0.54, 0.93, 0.69, 0.86, 
0.6, 0.79, 0.79, 0.87, 0.96, 0.91, 0.85, 0.8, 0.51, 0.93, 0.86, 
0.98, 0.93, 1), L = c(0.89, 0.79, 0.51, 0.66, 0.6, 0.44, 0.2, 
0.84, 0.46, 0.48, 0.53, 0.06, 0.63, 0.32, 0.43, 0.76, 0.67, 0.79, 
0.69, 0.49, 0.92, 0.78, 0.73, 0.93, 0.72, 0.87, 0.77, 0.72, 0.94, 
0.9, 0.99, 0.98), M = c(0.99, 0.87, 0.7, 0.89, 0.31, 0.74, 0.77, 
0.8, 0.62, 0.23, 0.14, 0.65, 0.06, 0.52, 0.56, 0.45, 0.91, 0.7, 
0.72, 0.94, 0.64, 0.87, 0.87, 0.83, 0.93, 0.81, 0.79, 0.94, 0.62, 
0.89, 0.92, 0.94), N = c(0.96, 0.91, 0.89, 0.74, 0.51, 0.26, 
0.47, 0.5, 0.78, 0.52, 0.64, 0.21, 0.36, 0.02, 0.58, 0.67, 0.97, 
0.78, 0.69, 0.81, 0.71, 0.72, 0.84, 0.78, 0.93, 0.71, 0.83, 0.81, 
0.91, 0.73, 0.89, 0.95), O = c(0.98, 0.94, 0.84, 0.81, 0.46, 
0.73, 0.1, 0.18, 0.93, 0.86, 0.47, 0.27, 0.44, 0.53, 0.07, 0.42, 
0.95, 0.95, 0.76, 0.79, 0.47, 0.83, 0.63, 0.8, 0.77, 0.65, 0.61, 
0.78, 0.58, 0.72, 0.41, 0.65), P = c(0.99, 1, 1, 0.98, 0.69, 
0.84, 0.67, 0.48, 1, 0.93, 0.88, 0.65, 0.59, 0.28, 0.29, 0.06, 
0.99, 0.95, 0.95, 0.96, 0.66, 0.91, 0.58, 0.48, 0.92, 0.74, 0.7, 
0.75, 0.46, 0.66, 0.53, 0.36), Q = c(0.56, 0.56, 0.77, 0.75, 
0.78, 0.92, 0.96, 0.95, 0.31, 0.7, 0.81, 0.91, 0.95, 0.97, 0.99, 
0.98, 0.06, 0.44, 0.71, 0.7, 0.86, 0.83, 0.95, 0.99, 0.56, 0.96, 
0.96, 0.97, 0.97, 0.96, 1, 0.97), R = c(0.89, 0.65, 0.78, 0.84, 
0.67, 0.73, 0.89, 0.89, 0.57, 0.55, 0.75, 0.82, 0.79, 0.85, 0.9, 
0.94, 0.09, 0.06, 0.47, 0.64, 0.49, 0.44, 0.89, 0.9, 0.45, 0.48, 
0.83, 0.75, 0.95, 0.92, 0.97, 0.99), S = c(0.95, 0.94, 0.67, 
0.83, 0.75, 0.68, 0.53, 0.75, 0.73, 0.78, 0.67, 0.66, 0.81, 0.86, 
0.73, 0.93, 0.41, 0.47, 0.06, 0.65, 0.28, 0.87, 0.44, 0.64, 0.43, 
0.5, 0.34, 0.84, 0.81, 0.94, 0.89, 1), T = c(0.99, 0.96, 0.78, 
0.7, 0.83, 0.53, 0.63, 0.91, 0.61, 0.76, 0.76, 0.58, 0.81, 0.75, 
0.96, 0.97, 0.46, 0.43, 0.48, 0.06, 0.81, 0.2, 0.32, 0.72, 0.81, 
0.88, 0.79, 0.33, 0.92, 0.72, 0.93, 0.99), U = c(1, 0.96, 0.86, 
1, 0.69, 0.83, 0.6, 0.62, 0.9, 0.79, 0.67, 0.85, 0.56, 0.86, 
0.64, 0.81, 0.84, 0.36, 0.16, 0.84, 0.06, 0.87, 0.42, 0.71, 0.72, 
0.41, 0.55, 0.75, 0.44, 0.85, 0.73, 0.94), V = c(0.98, 0.93, 
0.88, 0.95, 0.81, 0.54, 0.73, 0.69, 0.79, 0.66, 0.81, 0.63, 0.71, 
0.67, 0.77, 0.86, 0.55, 0.33, 0.57, 0.07, 0.69, 0.03, 0.43, 0.5, 
0.88, 0.74, 0.94, 0.48, 0.88, 0.25, 0.92, 0.97), W = c(0.99, 
0.97, 0.88, 0.97, 0.88, 0.89, 0.78, 0.77, 0.94, 0.91, 0.79, 0.67, 
0.81, 0.59, 0.41, 0.75, 0.97, 0.77, 0.38, 0.53, 0.44, 0.21, 0.04, 
0.26, 0.81, 0.81, 0.56, 0.22, 0.62, 0.44, 0.26, 0.74), X = c(0.98, 
0.99, 0.96, 0.94, 0.95, 0.94, 0.62, 0.43, 0.99, 0.86, 0.93, 0.84, 
0.66, 0.63, 0.5, 0.4, 0.95, 0.88, 0.45, 0.8, 0.24, 0.32, 0.11, 
0.03, 0.85, 0.56, 0.46, 0.33, 0.31, 0.17, 0.2, 0.11), Y = c(0.98, 
0.97, 0.93, 0.97, 0.91, 0.97, 0.9, 0.89, 0.75, 0.8, 0.9, 0.81, 
0.96, 0.99, 0.95, 0.98, 0.59, 0.83, 0.73, 0.84, 0.85, 0.97, 0.96, 
0.98, 0.04, 0.55, 0.69, 0.74, 0.75, 0.94, 0.95, 0.94), Z = c(0.98, 
1, 0.93, 0.98, 0.81, 0.94, 0.82, 0.69, 0.89, 0.73, 0.86, 0.83, 
0.78, 0.94, 0.89, 0.85, 0.87, 0.66, 0.63, 0.95, 0.4, 0.91, 0.88, 
0.85, 0.22, 0.03, 0.71, 0.58, 0.54, 0.58, 0.78, 0.91), `0` = c(1, 
0.97, 0.88, 1, 0.81, 0.95, 0.81, 0.92, 0.97, 0.97, 0.73, 0.81, 
0.94, 0.94, 0.68, 0.89, 0.88, 0.81, 0.35, 0.93, 0.59, 0.92, 0.78, 
0.86, 0.41, 0.45, 0.06, 0.7, 0.45, 0.85, 0.65, 0.83), `1` = c(1, 
0.97, 0.91, 0.93, 0.89, 0.84, 0.62, 0.67, 0.83, 0.92, 0.68, 0.49, 
0.87, 0.69, 0.46, 0.69, 0.73, 0.85, 0.73, 0.4, 0.56, 0.54, 0.4, 
0.51, 0.53, 0.72, 0.52, 0.03, 0.5, 0.19, 0.38, 0.95), `2` = c(1, 
0.95, 0.99, 0.97, 0.94, 0.94, 0.87, 0.69, 1, 0.96, 0.89, 0.95, 
0.86, 0.85, 0.79, 0.53, 0.98, 0.82, 0.81, 0.99, 0.49, 0.94, 0.79, 
0.73, 0.92, 0.33, 0.39, 0.69, 0.07, 0.84, 0.67, 0.58), `3` = c(0.99, 
0.99, 0.95, 0.98, 0.91, 0.94, 0.86, 0.72, 1, 0.85, 0.98, 0.66, 
0.81, 0.63, 0.56, 0.59, 0.97, 0.84, 0.7, 0.85, 0.51, 0.33, 0.55, 
0.27, 0.65, 0.36, 0.69, 0.17, 0.41, 0.02, 0.45, 0.67), `4` = c(0.97, 
1, 0.98, 0.96, 0.94, 0.99, 0.89, 0.86, 0.98, 0.95, 0.94, 0.91, 
0.97, 0.82, 0.43, 0.43, 0.98, 0.98, 0.89, 0.95, 0.71, 0.88, 0.48, 
0.31, 0.64, 0.87, 0.39, 0.4, 0.35, 0.63, 0.03, 0.25), `5` = c(0.98, 
0.98, 0.91, 1, 1, 0.99, 0.94, 0.91, 0.98, 0.97, 0.99, 1, 0.89, 
0.93, 0.81, 0.44, 1, 0.97, 0.97, 0.99, 0.69, 0.98, 0.83, 0.44, 
0.97, 0.87, 0.95, 0.97, 0.26, 0.47, 0.49, 0.03)), .Names = c("A", 
"B", "C", "D", "E", "F", "G", "H", "I", "J", "K", "L", "M", "N", 
"O", "P", "Q", "R", "S", "T", "U", "V", "W", "X", "Y", "Z", "0", 
"1", "2", "3", "4", "5"), class = "data.frame", row.names = c("A", 
"B", "C", "D", "E", "F", "G", "H", "I", "J", "K", "L", "M", "N", 
"O", "P", "Q", "R", "S", "T", "U", "V", "W", "X", "Y", "Z", "0", 
"1", "2", "3", "4", "5"))
